              precision    recall  f1-score   support

     person1       1.00      1.00      1.00        17
    person10       1.00      0.90      0.95        31
    person11       0.87      0.83      0.85        24
    person12       1.00      1.00      1.00        23
    person13       1.00      1.00      1.00        32
    person14       0.97      0.97      0.97        31
    person15       0.79      0.97      0.87        32
    person16       1.00      0.90      0.95        21
    person17       1.00      1.00      1.00        14
    person18       0.94      1.00      0.97        16
    person19       0.86      1.00      0.92        18
     person2       1.00      1.00      1.00        20
    person20       0.95      0.95      0.95        42
    person21       0.93      0.90      0.92        30
    person22       0.97      1.00      0.99        35
    person23       1.00      1.00      1.00        11
    person24       0.92      0.89      0.91        27
    person25       1.00      0.90      0.95        20
    person26       1.00      1.00      1.00        18
    person27       0.94      1.00      0.97        16
    person28       1.00      1.00      1.00        25
    person29       1.00      1.00      1.00        19
     person3       0.87      1.00      0.93        13
    person30       1.00      1.00      1.00        15
    person31       1.00      1.00      1.00        23
    person32       0.88      1.00      0.93        14
    person33       1.00      1.00      1.00        23
    person34       1.00      1.00      1.00        16
    person35       1.00      1.00      1.00        14
    person36       0.96      1.00      0.98        24
    person37       1.00      1.00      1.00        13
    person38       0.64      0.70      0.67        10
    person39       0.94      1.00      0.97        15
     person4       0.88      0.94      0.91        16
    person40       0.92      0.88      0.90        26
    person41       1.00      1.00      1.00        15
    person42       0.97      1.00      0.98        28
    person43       1.00      0.91      0.95        11
    person44       1.00      0.79      0.88        14
    person45       1.00      1.00      1.00        19
    person46       1.00      1.00      1.00        16
    person47       0.93      1.00      0.96        13
    person48       1.00      0.95      0.97        20
    person49       0.96      0.96      0.96        26
     person5       1.00      1.00      1.00        25
    person50       0.85      1.00      0.92        17
    person51       0.92      0.80      0.86        15
    person52       1.00      0.93      0.97        15
    person53       1.00      1.00      1.00         8
    person54       1.00      0.94      0.97        16
    person55       1.00      0.92      0.96        12
    person56       0.94      0.94      0.94        16
    person57       1.00      1.00      1.00        18
    person58       1.00      1.00      1.00        16
    person59       0.95      1.00      0.97        18
     person6       0.92      0.88      0.90        40
    person60       1.00      1.00      1.00        14
    person61       0.90      0.90      0.90        21
    person62       0.84      0.95      0.89        22
    person63       0.93      0.93      0.93        15
    person64       1.00      0.86      0.92        14
    person65       0.90      0.96      0.93        28
    person66       1.00      1.00      1.00        18
    person67       0.88      1.00      0.94        15
    person68       1.00      1.00      1.00        27
    person69       0.94      0.77      0.85        22
     person7       0.81      0.65      0.72        26
    person70       1.00      1.00      1.00        17
    person71       0.93      0.93      0.93        15
    person72       0.88      1.00      0.94        15
     person8       0.92      0.92      0.92        13
     person9       0.77      0.87      0.82        23
  person_100       1.00      0.97      0.98        33
  person_101       0.94      1.00      0.97        30
  person_102       1.00      1.00      1.00        35
  person_103       1.00      1.00      1.00        30
  person_104       1.00      0.97      0.98        29
  person_105       0.95      0.97      0.96        38
  person_106       0.93      0.87      0.90        15
  person_107       1.00      1.00      1.00         9
  person_108       1.00      1.00      1.00        12
  person_109       0.92      0.97      0.94        34
  person_111       0.88      1.00      0.93        35
  person_112       0.97      0.90      0.94        42
  person_113       1.00      0.88      0.94        17
  person_114       1.00      1.00      1.00         8
  person_115       0.94      1.00      0.97        16
  person_116       1.00      1.00      1.00         1
  person_117       1.00      1.00      1.00         9
  person_118       1.00      1.00      1.00        24
  person_119       1.00      1.00      1.00        26
  person_121       0.88      1.00      0.93         7
  person_122       0.97      1.00      0.99        38
  person_123       1.00      1.00      1.00        10
  person_124       0.83      1.00      0.91        10
  person_200       0.76      0.87      0.81        15
  person_201       0.89      0.84      0.86        37
  person_202       1.00      1.00      1.00         9
  person_203       0.97      0.74      0.84        47
  person_205       1.00      1.00      1.00        29
  person_207       1.00      0.71      0.83         7
  person_208       0.97      1.00      0.98        32
  person_209       1.00      1.00      1.00        30
  person_210       0.76      0.86      0.81        29
  person_212       1.00      1.00      1.00        26
  person_213       0.98      1.00      0.99        46
  person_214       0.95      0.93      0.94        41
  person_215       0.98      0.98      0.98        46
  person_217       0.97      1.00      0.98        31
  person_219       0.95      0.97      0.96        36
  person_220       1.00      0.95      0.98        42
  person_221       0.90      0.93      0.91        28
  person_222       0.97      1.00      0.99        39
  person_223       0.97      1.00      0.99        38
  person_228       1.00      0.86      0.93        22
  person_230       1.00      0.97      0.98        32
  person_231       1.00      1.00      1.00        20
  person_232       1.00      0.86      0.92        21
  person_233       0.95      0.95      0.95        22
  person_234       1.00      1.00      1.00        22

   micro avg       0.95      0.95      0.95      2682
   macro avg       0.95      0.95      0.95      2682
weighted avg       0.95      0.95      0.95      2682
